0.662
0.558
0.565
0.546
0.591
0.574
0.549
0.705
0.606
0.621
0.588
0.561
0.858
0.853
0.822
0.839
0.837
0.900
0.639
0.879
0.885
0.862
0.890
0.885
0.901
0.865
0.881
0.884
0.823
0.630
0.866
0.882
0.836
0.665
0.661
0.800
0.889
0.528
0.524
0.545
0.506
0.916
0.882
0.543
0.673
0.560
0.547
0.852
0.564
0.746
0.481
0.574
0.732
0.912
0.490
0.575
0.626
0.908
0.842
0.520
0.800
0.551
0.664
0.573
0.632
0.888
0.597
0.523
0.897
0.526
0.546
0.847
0.633
0.595
0.673
0.550
0.855
0.610
0.568
0.847
0.552
0.692
0.881
0.829
0.560
0.880
0.862
0.577
0.878
0.834
0.884
0.713
0.559
0.839
0.567
0.837
0.824
0.903
0.881
0.562
