0.464
0.467
0.347
0.360
0.370
0.346
0.349
0.362
0.346
0.365
0.349
0.370
0.366
0.367
0.465
0.367
0.463
0.452
0.367
0.368
0.347
0.347
0.347
0.350
0.348
0.299
0.357
0.369
0.359
0.365
0.364
0.367
0.463
0.467
0.301
0.366
0.366
0.365
0.364
0.365
0.366
0.365
0.363
0.363
0.369
0.364
0.365
0.368
0.363
0.351
0.367
0.466
0.296
0.367
0.296
0.296
0.296
0.292
0.368
0.296
0.340
0.292
0.356
0.291
0.292
0.293
0.292
0.369
0.292
0.371
0.370
0.371
0.468
0.295
0.457
0.274
0.460
0.294
0.371
0.296
0.294
0.370
0.296
0.471
0.291
0.451
0.459
0.368
0.293
0.443
0.368
0.368
0.292
0.466
0.468
0.293
0.369
0.292
0.470
0.292
