891
967
964
966
964
968
965
968
967
965
969
965
968
965
967
965
967
966
966
967
966
967
967
965
967
964
967
965
967
967
965
968
965
969
967
964
968
965
969
964
968
967
965
967
964
967
968
965
968
965
968
965
968
967
965
968
967
966
963
970
967
966
967
965
968
967
964
965
967
967
965
968
964
968
965
967
965
967
965
967
965
967
966
967
965
968
967
965
966
965
967
965
968
965
967
965
964
967
964
965
967
964
967
965
967
965
967
964
965
965
967
967
964
967
963
966
965
967
965
967
964
968
964
967
967
964
968
965
967
965
967
965
965
964
967
965
966
964
965
967
964
965
965
968
963
967
964
968
965
967
965
967
964
965
965
965
967
966
964
968
964
966
966
963
965
965
966
965
967
964
965
967
967
965
965
967
966
964
967
964
965
968
964
967
965
968
965
968
964
968
964
967
965
967
964
967
965
967
965
968
965
967
965
967
965
968
964
967
964
967
965
967
966
965
968
965
967
965
967
965
967
965
967
965
968
966
967
964
962
965
965
966
962
964
968
965
967
964
968
964
968
964
968
964
968
966
966
961
967
967
965
967
965
965
966
967
964
965
965
968
965
967
965
967
964
967
965
967
965
967
965
968
965
968
966
967
965
967
964
968
965
965
962
967
967
964
965
966
967
967
965
968
965
968
965
967
967
964
965
967
967
965
967
965
966
967
964
968
965
968
965
967
967
964
968
965
967
965
967
967
965
965
967
967
964
967
967
965
967
964
968
964
968
964
968
965
967
966
964
967
965
968
966
964
968
965
965
967
965
966
965
963
965
967
966
964
969
966
967
967
964
968
965
967
964
967
967
965
967
964
967
967
964
965
965
965
965
968
967
964
967
965
968
966
964
967
965
966
964
968
967
964
967
962
962
954
953
950
951
954
951
949
956
965
963
954
965
967
960
966
966
966
965
968
963
967
960
967
967
966
967
965
968
965
968
967
964
967
965
968
964
968
968
965
967
964
967
965
967
967
966
967
966
967
964
967
965
967
967
965
968
966
966
967
964
966
965
968
967
965
968
965
968
965
968
967
965
967
964
967
965
967
965
967
967
964
966
964
968
967
965
967
964
967
964
967
967
964
968
964
968
966
965
967
964
965
965
968
967
966
967
965
966
964
968
965
967
967
964
968
966
964
967
964
968
964
968
967
964
965
964
968
964
969
967
964
966
965
968
965
967
966
965
967
965
967
966
965
968
965
967
964
968
967
964
968
965
968
965
967
967
965
966
964
967
965
967
967
964
967
965
968
967
966
967
964
967
965
967
965
960
967
965
968
966
967
967
965
968
965
968
965
967
967
964
965
965
968
965
967
967
964
965
966
966
966
965
967
965
967
