586
626
624
623
619
621
619
617
617
617
617
616
617
617
615
616
615
615
616
616
616
614
614
614
614
614
612
612
612
610
611
612
609
608
609
610
612
613
612
612
610
608
611
608
610
608
610
611
612
610
614
614
613
612
612
613
613
612
614
614
614
614
615
615
614
615
616
615
613
614
614
612
614
614
613
614
614
614
614
615
614
614
614
615
615
614
614
615
615
615
614
614
615
614
616
615
615
614
614
614
616
615
615
615
615
613
614
615
614
614
613
613
612
613
613
613
615
614
614
614
616
614
614
613
613
614
613
613
613
614
615
613
615
615
614
614
613
614
614
613
613
614
615
614
613
614
613
614
608
610
607
607
607
608
608
608
611
610
608
610
610
610
608
612
611
612
608
611
608
608
608
611
610
610
608
612
611
611
610
608
610
611
608
610
610
608
612
611
613
614
615
613
613
611
612
612
612
613
611
612
612
612
611
612
610
610
608
610
608
610
608
608
608
608
608
609
611
608
610
608
610
608
608
608
608
608
608
607
608
608
607
608
607
608
610
608
608
608
608
607
607
608
609
607
608
608
608
608
608
607
608
608
609
609
608
611
608
610
608
607
606
606
607
608
609
611
610
611
608
608
608
608
608
607
608
607
608
608
608
606
606
606
604
606
605
606
608
607
608
608
608
612
613
613
612
612
612
613
613
613
614
611
612
612
610
611
612
610
611
608
610
610
610
610
610
610
610
608
611
610
611
611
612
611
610
610
610
611
610
610
611
612
612
611
608
612
610
611
612
610
609
611
611
611
610
611
608
611
610
608
610
608
610
612
611
610
611
611
610
610
608
608
607
607
608
607
607
606
610
612
610
608
610
608
608
612
610
611
608
610
610
610
611
611
611
611
611
611
611
611
612
608
611
610
610
611
612
611
612
612
612
611
612
611
611
610
610
611
610
609
611
612
611
610
608
612
608
612
611
610
613
612
613
611
611
612
612
612
612
610
608
611
610
610
611
610
611
612
612
608
613
614
614
614
614
614
616
616
614
614
614
614
615
614
613
614
614
614
614
615
615
614
616
615
613
614
615
615
614
615
615
614
614
614
615
614
613
611
611
611
610
611
611
612
612
611
610
610
611
611
612
612
612
611
612
612
610
612
611
610
610
610
610
611
612
608
608
608
606
604
606
611
613
614
613
615
612
612
612
614
613
613
613
613
613
614
614
612
614
614
613
614
614
614
612
613
613
614
616
615
615
614
615
614
613
613
612
612
612
614
612
614
614
613
614
616
613
614
614
613
610
610
610
608
608
611
610
610
611
611
612
612
610
608
611
610
608
610
608
610
608
608
610
608
608
611
612
612
610
608
611
608
610
610
604
613
608
608
608
610
