3810
3890
3910
3910
3770
3950
3940
3950
3940
3940
3940
3950
3930
3940
3980
3960
3950
3940
3950
3940
3940
3940
3940
3960
3940
3940
3950
3940
3940
3940
3940
3940
3940
3940
3950
3950
3940
3940
3930
3950
3950
3940
3950
3950
3960
3980
3990
3960
3950
3950
3950
3950
3940
3950
3960
3940
3950
3940
3940
3940
3940
3940
3940
3940
3960
3940
3940
3940
3950
3930
3940
3940
3940
3950
3950
3940
3950
3940
3940
3940
3950
3940
3940
3950
3950
3950
3940
3940
3950
3940
3950
3950
3950
3940
3970
3950
3940
3940
3940
3940
3950
3950
3740
3840
3880
3860
3880
3870
3870
3880
3880
3870
3880
3870
3900
3890
3880
3880
3880
3880
3870
3880
3870
3870
3880
3880
3880
3880
3880
3870
3870
3880
3870
3870
3880
3870
3870
3870
3870
3880
3870
3870
3870
3880
3880
3720
3670
3830
3890
3880
3880
3880
3890
3870
3890
3890
3880
3880
3920
3880
3880
3880
3880
3880
3900
3880
3880
3880
3880
3880
3880
3880
3880
3880
3880
3880
3890
3870
3880
3890
3870
3880
3880
3880
3910
3880
3870
3880
3870
3880
3890
3890
3880
3880
3880
3880
3890
3880
3880
3880
3880
3880
3870
3880
3910
3880
3880
3870
3880
3880
3880
3890
3890
3870
3900
3890
3880
3870
3880
3880
3880
3870
3880
3870
3880
3880
3880
3880
3880
3880
3890
3880
3880
3880
3880
3880
3880
3870
3870
3880
3870
3880
3870
3890
3880
3870
3870
3890
3870
3880
3880
3880
3880
3880
3890
3880
3880
3880
3880
3880
3880
3880
3880
3880
3890
3880
3890
3860
3880
3880
3880
3880
3880
3890
3880
3880
3730
3660
3820
3880
3890
3890
3880
3880
3910
3880
3880
3870
3880
3880
3890
3890
3880
3880
3890
3890
3880
3870
3880
3870
3880
3880
3880
3880
3890
3900
3880
3890
3890
3890
3880
3890
3880
3880
3890
3880
3890
3880
3880
3880
3890
3890
3890
3880
3910
3890
3880
3880
3880
3880
3880
3880
3890
3880
3880
3880
3880
3890
3880
3890
3890
3890
3890
3880
3880
3880
3880
3890
3880
3880
3890
3890
3880
3890
3890
3890
3890
3880
3880
3880
3890
3880
3880
3890
3910
3890
3880
3890
3880
3880
3890
3900
3880
3880
3890
3880
3890
3880
3880
3890
3890
3880
3880
3880
3890
3880
3880
3880
3880
3880
3880
3880
3880
3890
3890
3890
3890
3880
3880
3880
3890
3880
3890
3890
3890
3880
3890
3880
3880
3880
3890
3890
3880
3880
3890
3890
3880
3880
3880
3890
3880
3880
3880
3880
3890
3890
3880
3880
3880
3880
3890
3890
3880
3880
3900
3900
3890
3880
3880
3880
3890
3880
3890
3890
3880
3890
3880
3880
3890
3890
3890
3880
3890
3890
3890
3880
3880
3890
3890
3890
3890
3880
3890
3880
3880
3890
3890
3890
3880
3880
3890
3890
3890
3880
3720
3640
3750
3820
3820
3820
3820
3820
3820
3810
3820
3820
3820
3820
3810
3820
3830
3820
3820
3820
3820
3820
3830
3820
3820
3810
3820
3820
3810
3820
3820
3820
3820
3820
3820
3820
3810
3820
3820
3820
3820
3820
3820
3810
3830
3810
3820
3820
3820
3820
3820
3820
3830
3820
3820
3820
3810
3820
3820
3810
3820
3820
3820
3810
3820
3820
3820
3820
3820
3830
3820
3820
3820
3810
3820
3810
3820
3820
3820
3820
3820
3810
3810
3820
3810
3810
3830
3810
3820
3830
3810
3820
3820
3810
3820
3820
3810
3820
3820
3820
3820
3820
3810
3820
3820
3810
3820
3820
3820
3820
3820
3820
3820
3820
3810
3820
3830
3820
3820
3820
3820
3820
3820
3810
3810
3830
