760
741
739
738
740
742
741
739
738
738
738
739
739
731
742
737
734
737
737
739
738
736
736
736
734
738
734
733
734
733
733
733
734
737
732
730
729
733
737
737
733
733
728
733
744
749
744
742
740
741
739
733
735
733
733
733
733
734
734
743
744
745
744
745
742
738
740
734
737
739
740
741
739
738
739
744
747
743
742
741
743
745
744
741
738
740
743
744
741
734
738
736
736
737
740
740
742
745
744
744
744
743
739
739
740
742
742
742
744
742
739
740
742
744
746
742
741
730
739
737
737
740
740
741
743
740
738
739
738
732
733
732
731
732
733
734
736
733
733
734
740
739
731
726
727
728
730
729
727
728
734
738
734
733
732
730
728
728
733
739
739
738
738
738
732
733
733
732
733
734
739
739
734
733
734
740
738
738
738
737
731
730
730
727
728
731
740
739
737
738
737
734
738
734
733
733
737
743
743
740
740
740
742
742
741
737
736
739
740
740
743
744
742
740
741
736
734
738
733
738
740
743
744
742
744
741
741
733
738
731
735
743
744
744
739
738
737
741
744
743
742
743
740
740
739
741
744
742
741
742
740
739
739
738
739
738
737
737
738
743
743
741
741
741
743
743
742
742
741
738
737
737
733
734
734
735
736
740
743
744
737
737
739
743
744
741
741
740
739
739
739
737
738
733
733
731
740
743
744
739
739
740
744
743
736
732
734
734
737
735
737
737
734
734
734
740
744
744
741
739
738
738
737
734
734
736
738
740
741
744
744
744
735
738
736
736
734
733
737
734
739
737
743
744
741
731
746
739
744
745
744
741
742
739
740
738
737
737
737
738
739
738
738
738
738
737
739
739
738
737
737
738
734
738
734
734
733
741
744
744
742
742
743
740
742
745
750
749
748
749
745
743
742
748
752
747
742
744
738
734
738
733
733
733
745
746
752
750
751
744
741
739
737
737
741
745
748
740
738
739
744
747
744
744
741
740
739
739
736
737
736
738
737
742
750
748
739
738
739
743
743
738
733
733
735
740
738
733
734
740
744
744
743
743
744
740
740
741
744
744
734
734
733
733
733
732
736
733
740
744
744
744
744
745
742
743
743
744
748
744
747
744
741
740
741
744
743
743
743
745
738
733
735
737
734
741
744
740
739
739
737
737
734
736
734
741
738
739
739
737
739
740
743
741
738
736
738
730
731
731
733
737
737
739
740
739
742
740
734
738
734
740
739
737
738
738
739
742
741
740
740
740
740
740
744
750
744
741
741
743
744
745
744
745
744
740
740
742
744
745
744
742
742
744
744
741
740
740
738
739
739
743
742
740
737
738
741
744
744
744
744
745
743
744
741
741
742
741
740
741
738
738
739
741
742
744
744
744
740
741
